1	1648.22	309.96
2	1648.56	311.93
3	1648.90	313.90
4	1649.25	315.87
5	1649.59	317.84
6	1649.94	319.81
7	1650.28	321.78
8	1650.62	323.75
9	1650.97	325.72
10	1651.31	327.69
11	1651.66	329.66
12	1652.00	331.63
13	1652.34	333.60
14	1652.69	335.57
15	1653.03	337.54
16	1653.38	339.51
17	1653.72	341.48
18	1654.06	343.45
19	1654.41	345.42
20	1654.75	347.39
21	1655.09	349.36
22	1655.44	351.33
23	1655.78	353.30
24	1656.13	355.27
25	1656.47	357.24
26	1656.81	359.21
27	1657.16	361.18
28	1657.50	363.15
29	1657.85	365.12
30	1658.19	367.09
31	1658.53	369.06
32	1658.88	371.03
33	1659.22	373.01
34	1659.57	374.98
35	1659.91	376.95
36	1660.25	378.92
37	1660.60	380.89
38	1660.94	382.86
39	1661.29	384.83
40	1661.63	386.80
41	1661.97	388.77
42	1662.32	390.74
43	1662.66	392.71
44	1663.00	394.68
45	1663.35	396.65
46	1663.69	398.62
47	1664.04	400.59
48	1664.38	402.56
49	1664.72	404.53
50	1665.07	406.50
51	1665.41	408.47
52	1665.76	410.44
53	1666.10	412.41
54	1666.44	414.38
55	1666.79	416.35
56	1667.13	418.32
57	1667.48	420.29
58	1667.82	422.26
59	1668.16	424.23
60	1668.51	426.20
61	1668.85	428.17
62	1669.20	430.14
63	1669.54	432.11
64	1669.88	434.08
65	1670.23	436.05
66	1670.57	438.02
67	1670.92	439.99
68	1671.26	441.96
69	1671.60	443.93
70	1671.95	445.90
71	1672.29	447.87
72	1672.63	449.84
73	1672.98	451.81
74	1673.32	453.78
75	1673.67	455.75
76	1674.01	457.72
77	1674.35	459.69
78	1674.70	461.66
79	1675.04	463.63
80	1675.39	465.60
81	1675.73	467.58
82	1676.07	469.55
83	1676.42	471.52
84	1676.76	473.49
85	1677.11	475.46
86	1677.45	477.43
87	1677.79	479.40
88	1678.14	481.37
89	1678.48	483.34
90	1678.83	485.31
91	1679.17	487.28
92	1679.51	489.25
93	1679.86	491.22
94	1680.20	493.19
95	1680.54	495.16
96	1680.89	497.13
97	1681.23	499.10
98	1681.58	501.07
99	1681.92	503.04
100	1682.26	505.01
101	1682.61	506.98
102	1682.95	508.95
103	1683.30	510.92
104	1683.64	512.89
105	1683.98	514.86
106	1684.33	516.83
107	1684.67	518.80
108	1685.02	520.77
109	1685.36	522.74
110	1685.70	524.71
111	1686.05	526.68
112	1686.39	528.65
113	1686.74	530.62
114	1687.08	532.59
115	1687.42	534.56
116	1687.77	536.53
117	1688.11	538.50
118	1688.45	540.47
119	1688.80	542.44
120	1689.14	544.41
121	1689.49	546.38
122	1689.83	548.35
123	1690.17	550.32
124	1690.52	552.29
125	1690.86	554.26
126	1691.21	556.23
127	1691.55	558.20
128	1691.89	560.17
129	1692.24	562.15
130	1692.58	564.12
131	1692.93	566.09
132	1693.27	568.06
133	1693.61	570.03
134	1693.96	572.00
135	1694.30	573.97
136	1694.65	575.94
137	1694.99	577.91
138	1695.33	579.88
139	1695.68	581.85
140	1696.02	583.82
141	1696.36	585.79
142	1696.71	587.76
143	1697.05	589.73
144	1697.40	591.70
145	1697.74	593.67
146	1698.08	595.64
147	1698.43	597.61
148	1698.77	599.58
149	1699.12	601.55
150	1699.46	603.52
151	1699.80	605.49
152	1700.15	607.46
153	1700.49	609.43
154	1700.84	611.40
155	1701.18	613.37
156	1701.52	615.34
157	1701.87	617.31
158	1702.21	619.28
159	1702.56	621.25
160	1702.90	623.22
161	1703.24	625.19
162	1703.59	627.16
163	1703.93	629.13
164	1704.28	631.10
165	1704.62	633.07
166	1704.96	635.04
167	1705.31	637.01
168	1705.65	638.98
169	1705.99	640.95
170	1706.34	642.92
171	1706.68	644.89
172	1707.03	646.86
173	1707.37	648.83
174	1707.71	650.80
175	1708.06	652.77
176	1708.40	654.74
177	1708.75	656.72
178	1709.09	658.69
179	1709.43	660.66
180	1709.78	662.63
181	1710.12	664.60
182	1710.47	666.57
183	1710.81	668.54
184	1711.15	670.51
185	1711.50	672.48
186	1711.84	674.45
187	1712.19	676.42
188	1712.53	678.39
189	1712.87	680.36
190	1713.22	682.33
191	1713.56	684.30
192	1713.90	686.27
193	1714.25	688.24
194	1714.59	690.21
195	1714.94	692.18
196	1715.28	694.15
197	1715.62	696.12
198	1715.97	698.09
199	1716.31	700.06
200	1716.66	702.03
201	1717.00	704.00
202	1717.34	705.97
203	1717.69	707.94
204	1718.03	709.91
205	1718.38	711.88
206	1718.72	713.85
207	1719.06	715.82
208	1719.41	717.79
209	1719.75	719.76
210	1720.10	721.73
211	1720.44	723.70
212	1720.78	725.67
213	1721.13	727.64
214	1721.47	729.61
215	1721.81	731.58
216	1722.16	733.55
217	1722.50	735.52
218	1722.85	737.49
219	1723.19	739.46
220	1723.53	741.43
221	1723.88	743.40
222	1724.22	745.37
223	1724.57	747.34
224	1724.91	749.31
225	1725.25	751.28
226	1725.60	753.26
227	1725.94	755.23
228	1726.29	757.20
229	1726.63	759.17
230	1726.97	761.14
231	1727.32	763.11
232	1727.66	765.08
233	1728.01	767.05
234	1728.35	769.02
235	1728.69	770.99
236	1729.04	772.96
237	1729.38	774.93
238	1729.72	776.90
239	1730.07	778.87
240	1730.41	780.84
241	1730.76	782.81
242	1731.10	784.78
243	1731.44	786.75
244	1731.79	788.72
245	1732.13	790.69
246	1732.48	792.66
247	1732.82	794.63
248	1733.16	796.60
249	1733.51	798.57
250	1733.85	800.54
251	1734.20	802.51
252	1734.54	804.48
253	1734.88	806.45
254	1735.23	808.42
255	1735.57	810.39
256	1735.92	812.36
257	1736.26	814.33
258	1736.60	816.30
259	1736.95	818.27
260	1737.29	820.24
261	1737.64	822.21
262	1737.98	824.18
263	1738.32	826.15
264	1738.67	828.12
265	1739.01	830.09
266	1739.35	832.06
267	1739.70	834.03
268	1740.04	836.00
269	1740.39	837.97
270	1740.73	839.94
271	1741.07	841.91
272	1741.42	843.88
273	1741.76	845.85
274	1742.11	847.83
275	1742.45	849.80
276	1742.79	851.77
277	1743.14	853.74
278	1743.48	855.71
279	1743.83	857.68
280	1744.17	859.65
281	1744.51	861.62
282	1744.86	863.59
283	1745.20	865.56
284	1745.55	867.53
285	1745.89	869.50
286	1746.23	871.47
287	1746.58	873.44
288	1746.92	875.41
289	1747.26	877.38
290	1747.61	879.35
291	1747.95	881.32
292	1748.30	883.29
293	1748.64	885.26
294	1748.98	887.23
295	1749.33	889.20
296	1749.67	891.17
297	1750.02	893.14
298	1750.36	895.11
299	1750.70	897.08
300	1751.05	899.05
301	1751.39	901.02
302	1751.74	902.99
303	1752.08	904.96
304	1752.42	906.93
305	1752.77	908.90
306	1753.11	910.87
307	1753.46	912.84
308	1753.80	914.81
309	1754.14	916.78
310	1754.49	918.75
311	1754.83	920.72
312	1755.17	922.69
313	1755.52	924.66
314	1755.86	926.63
315	1756.21	928.60
316	1756.55	930.57
317	1756.89	932.54
318	1757.24	934.51
319	1757.58	936.48
320	1757.93	938.45
321	1758.27	940.42
322	1758.61	942.40
323	1758.96	944.37
324	1759.30	946.34
325	1759.65	948.31
326	1759.99	950.28
327	1760.33	952.25
328	1760.68	954.22
329	1761.02	956.19
330	1761.37	958.16
331	1761.71	960.13
332	1762.05	962.10
333	1762.40	964.07
334	1762.74	966.04
335	1763.08	968.01
336	1763.43	969.98
337	1763.77	971.95
338	1764.12	973.92
339	1764.46	975.89
340	1764.80	977.86
341	1765.15	979.83
342	1765.49	981.80
343	1765.84	983.77
344	1766.18	985.74
345	1766.52	987.71
346	1766.87	989.68
347	1767.21	991.65
348	1767.56	993.62
349	1767.90	995.59
350	1768.24	997.56
351	1768.59	999.53
352	1768.93	1001.50
353	1769.28	1003.47
354	1769.62	1005.44
355	1769.96	1007.41
356	1770.31	1009.38
357	1770.65	1011.35
358	1771.00	1013.32
359	1771.34	1015.29
360	1771.68	1017.26
361	1772.03	1019.23
362	1772.37	1021.20
363	1772.71	1023.17
364	1773.06	1025.14
365	1773.40	1027.11
366	1773.75	1029.08
367	1774.09	1031.05
368	1774.43	1033.02
369	1774.78	1034.99
370	1775.12	1036.97
371	1775.47	1038.94
372	1775.81	1040.91
373	1776.15	1042.88
374	1776.50	1044.85
375	1776.84	1046.82
376	1777.19	1048.79
377	1777.53	1050.76
378	1777.87	1052.73
379	1778.22	1054.70
380	1778.56	1056.67
381	1778.91	1058.64
382	1779.25	1060.61
383	1779.59	1062.58
384	1779.94	1064.55
385	1780.28	1066.52
386	1780.62	1068.49
387	1780.97	1070.46
388	1781.31	1072.43
389	1781.66	1074.40
390	1782.00	1076.37
391	1782.34	1078.34
392	1782.69	1080.31
393	1783.03	1082.28
394	1783.38	1084.25
395	1783.72	1086.22
396	1784.06	1088.19
397	1784.41	1090.16
398	1784.75	1092.13
399	1785.10	1094.10
400	1785.44	1096.07
401	1785.78	1098.04
402	1786.13	1100.01
403	1786.47	1101.98
404	1786.82	1103.95
405	1787.16	1105.92
406	1787.50	1107.89
407	1787.85	1109.86
408	1788.19	1111.83
409	1788.53	1113.80
410	1788.88	1115.77
411	1789.22	1117.74
412	1789.57	1119.71
413	1789.91	1121.68
414	1790.25	1123.65
415	1790.60	1125.62
416	1790.94	1127.59
417	1791.29	1129.56
418	1791.63	1131.54
419	1791.97	1133.51
420	1792.32	1135.48
421	1792.66	1137.45
422	1793.01	1139.42
423	1793.35	1141.39
424	1793.69	1143.36
425	1794.04	1145.33
426	1794.38	1147.30
427	1794.73	1149.27
428	1795.07	1151.24
429	1795.41	1153.21
430	1795.76	1155.18
431	1796.10	1157.15
432	1796.44	1159.12
433	1796.79	1161.09
434	1797.13	1163.06
435	1797.48	1165.03
436	1797.82	1167.00
437	1798.16	1168.97
438	1798.51	1170.94
439	1798.85	1172.91
440	1799.20	1174.88
441	1799.54	1176.85
442	1799.88	1178.82
443	1800.23	1180.79
444	1800.57	1182.76
445	1800.92	1184.73
446	1801.26	1186.70
447	1801.60	1188.67
448	1801.95	1190.64
449	1802.29	1192.61
450	1802.64	1194.58
451	1802.98	1196.55
452	1803.32	1198.52
453	1803.67	1200.49
454	1804.01	1202.46
455	1804.36	1204.43
456	1804.70	1206.40
457	1805.04	1208.37
458	1805.39	1210.34
459	1805.73	1212.31
460	1806.07	1214.28
461	1806.42	1216.25
462	1806.76	1218.22
463	1807.11	1220.19
464	1807.45	1222.16
465	1807.79	1224.13
466	1808.14	1226.11
467	1808.48	1228.08
468	1808.83	1230.05
469	1809.17	1232.02
470	1809.51	1233.99
471	1809.86	1235.96
472	1810.20	1237.93
473	1810.55	1239.90
474	1810.89	1241.87
475	1811.23	1243.84
476	1811.58	1245.81
477	1811.92	1247.78
478	1812.27	1249.75
479	1812.61	1251.72
480	1812.95	1253.69
481	1813.30	1255.66
482	1813.64	1257.63
483	1813.98	1259.60
484	1814.33	1261.57
485	1814.67	1263.54
486	1815.02	1265.51
487	1815.36	1267.48
488	1815.70	1269.45
489	1816.05	1271.42
490	1816.39	1273.39
491	1816.74	1275.36
492	1817.08	1277.33
493	1817.42	1279.30
494	1817.77	1281.27
495	1818.11	1283.24
496	1818.46	1285.21
497	1818.80	1287.18
498	1819.14	1289.15
499	1819.49	1291.12
500	1819.83	1293.09
501	1820.18	1295.06
502	1820.52	1297.03
503	1820.86	1299.00
504	1821.21	1300.97
505	1821.55	1302.94
506	1821.89	1304.91
507	1822.24	1306.88
508	1822.58	1308.85
509	1822.93	1310.82
510	1823.27	1312.79
511	1823.61	1314.76
512	1823.96	1316.73
513	1824.30	1318.70
514	1824.65	1320.68
515	1824.99	1322.65
516	1825.33	1324.62
517	1825.68	1326.59
518	1826.02	1328.56
519	1826.37	1330.53
520	1826.71	1332.50
521	1827.05	1334.47
522	1827.40	1336.44
523	1827.74	1338.41
524	1828.09	1340.38
525	1828.43	1342.35
526	1828.77	1344.32
527	1829.12	1346.29
528	1829.46	1348.26
529	1829.80	1350.23
530	1830.15	1352.20
531	1830.49	1354.17
532	1830.84	1356.14
533	1831.18	1358.11
534	1831.52	1360.08
535	1831.87	1362.05
536	1832.21	1364.02
537	1832.56	1365.99
538	1832.90	1367.96
539	1833.24	1369.93
540	1833.59	1371.90
541	1833.93	1373.87
542	1834.28	1375.84
543	1834.62	1377.81
544	1834.96	1379.78
545	1835.31	1381.75
546	1835.65	1383.72
547	1836.00	1385.69
548	1836.34	1387.66
549	1836.68	1389.63
550	1837.03	1391.60
551	1837.37	1393.57
552	1837.72	1395.54
553	1838.06	1397.51
554	1838.40	1399.48
555	1838.75	1401.45
556	1839.09	1403.42
557	1839.43	1405.39
558	1839.78	1407.36
559	1840.12	1409.33
560	1840.47	1411.30
561	1840.81	1413.27
562	1841.15	1415.25
563	1841.50	1417.22
564	1841.84	1419.19
565	1842.19	1421.16
566	1842.53	1423.13
567	1842.87	1425.10
568	1843.22	1427.07
569	1843.56	1429.04
570	1843.91	1431.01
571	1844.25	1432.98
572	1844.59	1434.95
573	1844.94	1436.92
574	1845.28	1438.89
575	1845.63	1440.86
576	1845.97	1442.83
577	1846.31	1444.80
578	1846.66	1446.77
579	1847.00	1448.74
580	1847.34	1450.71
581	1847.69	1452.68
582	1848.03	1454.65
583	1848.38	1456.62
584	1848.72	1458.59
585	1849.06	1460.56
586	1849.41	1462.53
587	1849.75	1464.50
588	1850.10	1466.47
589	1850.44	1468.44
590	1850.78	1470.41
591	1851.13	1472.38
592	1851.47	1474.35
593	1851.82	1476.32
594	1852.16	1478.29
595	1852.50	1480.26
596	1852.85	1482.23
597	1853.19	1484.20
598	1853.54	1486.17
599	1853.88	1488.14
600	1854.22	1490.11
601	1854.57	1492.08
602	1854.91	1494.05
603	1855.25	1496.02
604	1855.60	1497.99
605	1855.94	1499.96
606	1856.29	1501.93
607	1856.63	1503.90
608	1856.97	1505.87
609	1857.32	1507.84
610	1857.66	1509.82
611	1858.01	1511.79
612	1858.35	1513.76
613	1858.69	1515.73
614	1859.04	1517.70
615	1859.38	1519.67
616	1859.73	1521.64
617	1860.07	1523.61
618	1860.41	1525.58
619	1860.76	1527.55
620	1861.10	1529.52
621	1861.45	1531.49
622	1861.79	1533.46
623	1862.13	1535.43
624	1862.48	1537.40
625	1862.82	1539.37
626	1863.16	1541.34
627	1863.51	1543.31
628	1863.85	1545.28
629	1864.20	1547.25
630	1864.54	1549.22
631	1864.88	1551.19
632	1865.23	1553.16
633	1865.57	1555.13
634	1865.92	1557.10
635	1866.26	1559.07
636	1866.60	1561.04
637	1866.95	1563.01
638	1867.29	1564.98
639	1867.64	1566.95
640	1867.98	1568.92
641	1868.32	1570.89
642	1868.67	1572.86
643	1869.01	1574.83
644	1869.36	1576.80
645	1869.70	1578.77
646	1870.04	1580.74
647	1870.39	1582.71
648	1870.73	1584.68
649	1871.08	1586.65
650	1871.42	1588.62
651	1871.76	1590.59
652	1872.11	1592.56
653	1872.45	1594.53
654	1872.79	1596.50
655	1873.14	1598.47
656	1873.48	1600.44
657	1873.83	1602.41
658	1874.17	1604.39
659	1874.51	1606.36
660	1874.86	1608.33
661	1875.20	1610.30
662	1875.55	1612.27
663	1875.89	1614.24
664	1876.23	1616.21
665	1876.58	1618.18
666	1876.92	1620.15
667	1877.27	1622.12
668	1877.61	1624.09
669	1877.95	1626.06
670	1878.30	1628.03
671	1878.64	1630.00
672	1878.99	1631.97
673	1879.33	1633.94
674	1879.67	1635.91
675	1880.02	1637.88
676	1880.36	1639.85
677	1880.70	1641.82
678	1881.05	1643.79
679	1881.39	1645.76
680	1881.74	1647.73
681	1882.08	1649.70
682	1882.42	1651.67
683	1882.77	1653.64
684	1883.11	1655.61
685	1883.46	1657.58
686	1883.80	1659.55
687	1884.14	1661.52
688	1884.49	1663.49
689	1884.83	1665.46
690	1885.18	1667.43
691	1885.52	1669.40
692	1885.86	1671.37
693	1886.21	1673.34
694	1886.55	1675.31
695	1886.90	1677.28
696	1887.24	1679.25
697	1887.58	1681.22
698	1887.93	1683.19
699	1888.27	1685.16
700	1888.61	1687.13
701	1888.96	1689.10
702	1889.30	1691.07
703	1889.65	1693.04
704	1889.99	1695.01
705	1890.33	1696.98
706	1890.68	1698.96
707	1891.02	1700.93
708	1891.37	1702.90
709	1891.71	1704.87
710	1892.05	1706.84
711	1892.40	1708.81
712	1892.74	1710.78
713	1893.09	1712.75
714	1893.43	1714.72
715	1893.77	1716.69
716	1894.12	1718.66
717	1894.46	1720.63
718	1894.81	1722.60
719	1895.15	1724.57
720	1895.49	1726.54
721	1895.84	1728.51
722	1896.18	1730.48
723	1896.52	1732.45
724	1896.87	1734.42
725	1897.21	1736.39
726	1897.56	1738.36
727	1897.90	1740.33
728	1898.24	1742.30
729	1898.59	1744.27
730	1898.93	1746.24
731	1899.28	1748.21
732	1899.62	1750.18
733	1899.96	1752.15
734	1900.31	1754.12
735	1900.65	1756.09
736	1901.00	1758.06
737	1901.34	1760.03
738	1901.68	1762.00
739	1902.03	1763.97
740	1902.37	1765.94
741	1902.72	1767.91
742	1903.06	1769.88
743	1903.40	1771.85
744	1903.75	1773.82
745	1904.09	1775.79
746	1904.44	1777.76
747	1904.78	1779.73
748	1905.12	1781.70
749	1905.47	1783.67
750	1905.81	1785.64
751	1906.15	1787.61
752	1906.50	1789.58
753	1906.84	1791.55
754	1907.19	1793.53
755	1907.53	1795.50
756	1907.87	1797.47
757	1908.22	1799.44
758	1908.56	1801.41
759	1908.91	1803.38
760	1909.25	1805.35
761	1909.59	1807.32
762	1909.94	1809.29
763	1910.28	1811.26
764	1910.63	1813.23
765	1910.97	1815.20
766	1911.31	1817.17
767	1911.66	1819.14
768	1912.00	1821.11
769	1912.35	1823.08
770	1912.69	1825.05
771	1913.03	1827.02
772	1913.38	1828.99
773	1913.72	1830.96
774	1914.06	1832.93
775	1914.41	1834.90
776	1914.75	1836.87
777	1915.10	1838.84
778	1915.44	1840.81
779	1915.78	1842.78
780	1916.13	1844.75
781	1916.47	1846.72
782	1916.82	1848.69
783	1917.16	1850.66
784	1917.50	1852.63
785	1917.85	1854.60
786	1918.19	1856.57
787	1918.54	1858.54
788	1918.88	1860.51
789	1919.22	1862.48
790	1919.57	1864.45
791	1919.91	1866.42
792	1920.26	1868.39
793	1920.60	1870.36
794	1920.94	1872.33
795	1921.29	1874.30
796	1921.63	1876.27
797	1921.97	1878.24
798	1922.32	1880.21
799	1922.66	1882.18
800	1923.01	1884.15
801	1923.35	1886.12
802	1923.69	1888.10
803	1924.04	1890.07
804	1924.38	1892.04
805	1924.73	1894.01
806	1925.07	1895.98
807	1925.41	1897.95
808	1925.76	1899.92
809	1926.10	1901.89
810	1926.45	1903.86
811	1926.79	1905.83
812	1927.13	1907.80
813	1927.48	1909.77
814	1927.82	1911.74
815	1928.17	1913.71
816	1928.51	1915.68
817	1928.85	1917.65
818	1929.20	1919.62
819	1929.54	1921.59
820	1929.88	1923.56
821	1930.23	1925.53
822	1930.57	1927.50
823	1930.92	1929.47
824	1931.26	1931.44
825	1931.60	1933.41
826	1931.95	1935.38
827	1932.29	1937.35
828	1932.64	1939.32
829	1932.98	1941.29
830	1933.32	1943.26
831	1933.67	1945.23
832	1934.01	1947.20
833	1934.36	1949.17
834	1934.70	1951.14
835	1935.04	1953.11
836	1935.39	1955.08
837	1935.73	1957.05
838	1936.08	1959.02
839	1936.42	1960.99
840	1936.76	1962.96
841	1937.11	1964.93
842	1937.45	1966.90
843	1937.80	1968.87
844	1938.14	1970.84
845	1938.48	1972.81
846	1938.83	1974.78
847	1939.17	1976.75
848	1939.51	1978.72
849	1939.86	1980.69
850	1940.20	1982.67
851	1940.55	1984.64
852	1940.89	1986.61
853	1941.23	1988.58
854	1941.58	1990.55
855	1941.92	1992.52
856	1942.27	1994.49
857	1942.61	1996.46
858	1942.95	1998.43
859	1943.30	2000.40
860	1943.64	2002.37
861	1943.99	2004.34
862	1944.33	2006.31
863	1944.67	2008.28
864	1945.02	2010.25
865	1945.36	2012.22
866	1945.71	2014.19
867	1946.05	2016.16
868	1946.39	2018.13
869	1946.74	2020.10
870	1947.08	2022.07
871	1947.42	2024.04
872	1947.77	2026.01
873	1948.11	2027.98
874	1948.46	2029.95
875	1948.80	2031.92
876	1949.14	2033.89
877	1949.49	2035.86
878	1949.83	2037.83
879	1950.18	2039.80
880	1950.52	2041.77
881	1950.86	2043.74
882	1951.21	2045.71
883	1951.55	2047.68
884	1951.90	2049.65
885	1952.24	2051.62
886	1952.58	2053.59
887	1952.93	2055.56
888	1953.27	2057.53
889	1953.62	2059.50
890	1953.96	2061.47
891	1954.30	2063.44
892	1954.65	2065.41
893	1954.99	2067.38
894	1955.33	2069.35
895	1955.68	2071.32
896	1956.02	2073.29
897	1956.37	2075.26
898	1956.71	2077.24
899	1957.05	2079.21
900	1957.40	2081.18
901	1957.74	2083.15
902	1958.09	2085.12
903	1958.43	2087.09
904	1958.77	2089.06
905	1959.12	2091.03
906	1959.46	2093.00
907	1959.81	2094.97
908	1960.15	2096.94
909	1960.49	2098.91
910	1960.84	2100.88
911	1961.18	2102.85
912	1961.53	2104.82
913	1961.87	2106.79
914	1962.21	2108.76
915	1962.56	2110.73
916	1962.90	2112.70
917	1963.24	2114.67
918	1963.59	2116.64
919	1963.93	2118.61
920	1964.28	2120.58
921	1964.62	2122.55
922	1964.96	2124.52
923	1965.31	2126.49
924	1965.65	2128.46
925	1966.00	2130.43
926	1966.34	2132.40
927	1966.68	2134.37
928	1967.03	2136.34
929	1967.37	2138.31
930	1967.72	2140.28
931	1968.06	2142.25
932	1968.40	2144.22
933	1968.75	2146.19
934	1969.09	2148.16
935	1969.44	2150.13
936	1969.78	2152.10
937	1970.12	2154.07
938	1970.47	2156.04
939	1970.81	2158.01
940	1971.16	2159.98
941	1971.50	2161.95
942	1971.84	2163.92
943	1972.19	2165.89
944	1972.53	2167.86
945	1972.87	2169.83
946	1973.22	2171.81
947	1973.56	2173.78
948	1973.91	2175.75
949	1974.25	2177.72
950	1974.59	2179.69
951	1974.94	2181.66
952	1975.28	2183.63
953	1975.63	2185.60
954	1975.97	2187.57
955	1976.31	2189.54
956	1976.66	2191.51
957	1977.00	2193.48
958	1977.35	2195.45
959	1977.69	2197.42
960	1978.03	2199.39
961	1978.38	2201.36
962	1978.72	2203.33
963	1979.07	2205.30
964	1979.41	2207.27
965	1979.75	2209.24
966	1980.10	2211.21
967	1980.44	2213.18
968	1980.78	2215.15
969	1981.13	2217.12
970	1981.47	2219.09
971	1981.82	2221.06
972	1982.16	2223.03
973	1982.50	2225.00
974	1982.85	2226.97
975	1983.19	2228.94
976	1983.54	2230.91
977	1983.88	2232.88
978	1984.22	2234.85
979	1984.57	2236.82
980	1984.91	2238.79
981	1985.26	2240.76
982	1985.60	2242.73
983	1985.94	2244.70
984	1986.29	2246.67
985	1986.63	2248.64
986	1986.98	2250.61
987	1987.32	2252.58
988	1987.66	2254.55
989	1988.01	2256.52
990	1988.35	2258.49
991	1988.69	2260.46
992	1989.04	2262.43
993	1989.38	2264.40
994	1989.73	2266.38
995	1990.07	2268.35
996	1990.41	2270.32
997	1990.76	2272.29
998	1991.10	2274.26
999	1991.45	2276.23
1000	1991.79	2278.20
1001	1992.13	2280.17
1002	1992.48	2282.14
1003	1992.82	2284.11
1004	1993.17	2286.08
1005	1993.51	2288.05
1006	1993.85	2290.02
1007	1994.20	2291.99
1008	1994.54	2293.96
1009	1994.89	2295.93
1010	1995.23	2297.90
1011	1995.57	2299.87
1012	1995.92	2301.84
1013	1996.26	2303.81
1014	1996.60	2305.78
1015	1996.95	2307.75
1016	1997.29	2309.72
1017	1997.64	2311.69
1018	1997.98	2313.66
1019	1998.32	2315.63
1020	1998.67	2317.60
1021	1999.01	2319.57
1022	1999.36	2321.54
1023	1999.70	2323.51
1024	2000.04	2325.48
1025	2000.39	2327.45
1026	2000.73	2329.42
1027	2001.08	2331.39
1028	2001.42	2333.36
1029	2001.76	2335.33
1030	2002.11	2337.30
1031	2002.45	2339.27
1032	2002.80	2341.24
1033	2003.14	2343.21
1034	2003.48	2345.18
1035	2003.83	2347.15
1036	2004.17	2349.12
1037	2004.52	2351.09
1038	2004.86	2353.06
1039	2005.20	2355.03
1040	2005.55	2357.00
1041	2005.89	2358.97
1042	2006.23	2360.95
1043	2006.58	2362.92
1044	2006.92	2364.89
1045	2007.27	2366.86
1046	2007.61	2368.83
1047	2007.95	2370.80
1048	2008.30	2372.77
1049	2008.64	2374.74
1050	2008.99	2376.71
1051	2009.33	2378.68
1052	2009.67	2380.65
1053	2010.02	2382.62
1054	2010.36	2384.59
1055	2010.71	2386.56
1056	2011.05	2388.53
1057	2011.39	2390.50
1058	2011.74	2392.47
1059	2012.08	2394.44
1060	2012.43	2396.41
1061	2012.77	2398.38
1062	2013.11	2400.35
1063	2013.46	2402.32
1064	2013.80	2404.29
1065	2014.14	2406.26
1066	2014.49	2408.23
1067	2014.83	2410.20
1068	2015.18	2412.17
1069	2015.52	2414.14
1070	2015.86	2416.11
1071	2016.21	2418.08
1072	2016.55	2420.05
1073	2016.90	2422.02
1074	2017.24	2423.99
1075	2017.58	2425.96
1076	2017.93	2427.93
1077	2018.27	2429.90
1078	2018.62	2431.87
1079	2018.96	2433.84
1080	2019.30	2435.81
1081	2019.65	2437.78
1082	2019.99	2439.75
1083	2020.34	2441.72
1084	2020.68	2443.69
1085	2021.02	2445.66
1086	2021.37	2447.63
1087	2021.71	2449.60
1088	2022.05	2451.57
1089	2022.40	2453.54
1090	2022.74	2455.52
1091	2023.09	2457.49
1092	2023.43	2459.46
1093	2023.77	2461.43
1094	2024.12	2463.40
1095	2024.46	2465.37
1096	2024.81	2467.34
1097	2025.15	2469.31
1098	2025.49	2471.28
1099	2025.84	2473.25
1100	2026.18	2475.22
1101	2026.53	2477.19
1102	2026.87	2479.16
1103	2027.21	2481.13
1104	2027.56	2483.10
1105	2027.90	2485.07
1106	2028.25	2487.04
1107	2028.59	2489.01
1108	2028.93	2490.98
1109	2029.28	2492.95
1110	2029.62	2494.92
1111	2029.96	2496.89
1112	2030.31	2498.86
1113	2030.65	2500.83
1114	2031.00	2502.80
1115	2031.34	2504.77
1116	2031.68	2506.74
1117	2032.03	2508.71
1118	2032.37	2510.68
1119	2032.72	2512.65
1120	2033.06	2514.62
1121	2033.40	2516.59
1122	2033.75	2518.56
1123	2034.09	2520.53
1124	2034.44	2522.50
1125	2034.78	2524.47
1126	2035.12	2526.44
1127	2035.47	2528.41
1128	2035.81	2530.38
1129	2036.16	2532.35
1130	2036.50	2534.32
1131	2036.84	2536.29
1132	2037.19	2538.26
1133	2037.53	2540.23
1134	2037.88	2542.20
1135	2038.22	2544.17
1136	2038.56	2546.14
1137	2038.91	2548.11
1138	2039.25	2550.09
1139	2039.59	2552.06
1140	2039.94	2554.03
1141	2040.28	2556.00
1142	2040.63	2557.97
1143	2040.97	2559.94
1144	2041.31	2561.91
1145	2041.66	2563.88
1146	2042.00	2565.85
1147	2042.35	2567.82
1148	2042.69	2569.79
1149	2043.03	2571.76
1150	2043.38	2573.73
1151	2043.72	2575.70
1152	2044.07	2577.67
1153	2044.41	2579.64
1154	2044.75	2581.61
1155	2045.10	2583.58
1156	2045.44	2585.55
1157	2045.79	2587.52
1158	2046.13	2589.49
1159	2046.47	2591.46
1160	2046.82	2593.43
1161	2047.16	2595.40
1162	2047.50	2597.37
1163	2047.85	2599.34
1164	2048.19	2601.31
1165	2048.54	2603.28
1166	2048.88	2605.25
1167	2049.22	2607.22
1168	2049.57	2609.19
1169	2049.91	2611.16
1170	2050.26	2613.13
1171	2050.60	2615.10
1172	2050.94	2617.07
1173	2051.29	2619.04
1174	2051.63	2621.01
1175	2051.98	2622.98
1176	2052.32	2624.95
1177	2052.66	2626.92
1178	2053.01	2628.89
1179	2053.35	2630.86
1180	2053.70	2632.83
1181	2054.04	2634.80
1182	2054.38	2636.77
1183	2054.73	2638.74
1184	2055.07	2640.71
1185	2055.41	2642.68
1186	2055.76	2644.66
1187	2056.10	2646.63
1188	2056.45	2648.60
1189	2056.79	2650.57
1190	2057.13	2652.54
1191	2057.48	2654.51
1192	2057.82	2656.48
1193	2058.17	2658.45
1194	2058.51	2660.42
1195	2058.85	2662.39
1196	2059.20	2664.36
1197	2059.54	2666.33
1198	2059.89	2668.30
1199	2060.23	2670.27
1200	2060.57	2672.24
1201	2060.92	2674.21
1202	2061.26	2676.18
1203	2061.61	2678.15
1204	2061.95	2680.12
1205	2062.29	2682.09
1206	2062.64	2684.06
1207	2062.98	2686.03
1208	2063.32	2688.00
1209	2063.67	2689.97
1210	2064.01	2691.94
1211	2064.36	2693.91
1212	2064.70	2695.88
1213	2065.04	2697.85
1214	2065.39	2699.82
1215	2065.73	2701.79
1216	2066.08	2703.76
1217	2066.42	2705.73
1218	2066.76	2707.70
1219	2067.11	2709.67
1220	2067.45	2711.64
