1	657818.22	5732739.96
2	657818.56	5732741.93
3	657818.90	5732743.90
4	657819.25	5732745.87
5	657819.59	5732747.84
6	657819.94	5732749.81
7	657820.28	5732751.78
8	657820.62	5732753.75
9	657820.97	5732755.72
10	657821.31	5732757.69
11	657821.66	5732759.66
12	657822.00	5732761.63
13	657822.34	5732763.60
14	657822.69	5732765.57
15	657823.03	5732767.54
16	657823.38	5732769.51
17	657823.72	5732771.48
18	657824.06	5732773.45
19	657824.41	5732775.42
20	657824.75	5732777.39
21	657825.09	5732779.36
22	657825.44	5732781.33
23	657825.78	5732783.30
24	657826.13	5732785.27
25	657826.47	5732787.24
26	657826.81	5732789.21
27	657827.16	5732791.18
28	657827.50	5732793.15
29	657827.85	5732795.12
30	657828.19	5732797.09
31	657828.53	5732799.06
32	657828.88	5732801.03
33	657829.22	5732803.01
34	657829.57	5732804.98
35	657829.91	5732806.95
36	657830.25	5732808.92
37	657830.60	5732810.89
38	657830.94	5732812.86
39	657831.29	5732814.83
40	657831.63	5732816.80
41	657831.97	5732818.77
42	657832.32	5732820.74
43	657832.66	5732822.71
44	657833.00	5732824.68
45	657833.35	5732826.65
46	657833.69	5732828.62
47	657834.04	5732830.59
48	657834.38	5732832.56
49	657834.72	5732834.53
50	657835.07	5732836.50
51	657835.41	5732838.47
52	657835.76	5732840.44
53	657836.10	5732842.41
54	657836.44	5732844.38
55	657836.79	5732846.35
56	657837.13	5732848.32
57	657837.48	5732850.29
58	657837.82	5732852.26
59	657838.16	5732854.23
60	657838.51	5732856.20
61	657838.85	5732858.17
62	657839.20	5732860.14
63	657839.54	5732862.11
64	657839.88	5732864.08
65	657840.23	5732866.05
66	657840.57	5732868.02
67	657840.92	5732869.99
68	657841.26	5732871.96
69	657841.60	5732873.93
70	657841.95	5732875.90
71	657842.29	5732877.87
72	657842.63	5732879.84
73	657842.98	5732881.81
74	657843.32	5732883.78
75	657843.67	5732885.75
76	657844.01	5732887.72
77	657844.35	5732889.69
78	657844.70	5732891.66
79	657845.04	5732893.63
80	657845.39	5732895.60
81	657845.73	5732897.58
82	657846.07	5732899.55
83	657846.42	5732901.52
84	657846.76	5732903.49
85	657847.11	5732905.46
86	657847.45	5732907.43
87	657847.79	5732909.40
88	657848.14	5732911.37
89	657848.48	5732913.34
90	657848.83	5732915.31
91	657849.17	5732917.28
92	657849.51	5732919.25
93	657849.86	5732921.22
94	657850.20	5732923.19
95	657850.54	5732925.16
96	657850.89	5732927.13
97	657851.23	5732929.10
98	657851.58	5732931.07
99	657851.92	5732933.04
100	657852.26	5732935.01
101	657852.61	5732936.98
102	657852.95	5732938.95
103	657853.30	5732940.92
104	657853.64	5732942.89
105	657853.98	5732944.86
106	657854.33	5732946.83
107	657854.67	5732948.80
108	657855.02	5732950.77
109	657855.36	5732952.74
110	657855.70	5732954.71
111	657856.05	5732956.68
112	657856.39	5732958.65
113	657856.74	5732960.62
114	657857.08	5732962.59
115	657857.42	5732964.56
116	657857.77	5732966.53
117	657858.11	5732968.50
118	657858.45	5732970.47
119	657858.80	5732972.44
120	657859.14	5732974.41
121	657859.49	5732976.38
122	657859.83	5732978.35
123	657860.17	5732980.32
124	657860.52	5732982.29
125	657860.86	5732984.26
126	657861.21	5732986.23
127	657861.55	5732988.20
128	657861.89	5732990.17
129	657862.24	5732992.15
130	657862.58	5732994.12
131	657862.93	5732996.09
132	657863.27	5732998.06
133	657863.61	5733000.03
134	657863.96	5733002.00
135	657864.30	5733003.97
136	657864.65	5733005.94
137	657864.99	5733007.91
138	657865.33	5733009.88
139	657865.68	5733011.85
140	657866.02	5733013.82
141	657866.36	5733015.79
142	657866.71	5733017.76
143	657867.05	5733019.73
144	657867.40	5733021.70
145	657867.74	5733023.67
146	657868.08	5733025.64
147	657868.43	5733027.61
148	657868.77	5733029.58
149	657869.12	5733031.55
150	657869.46	5733033.52
151	657869.80	5733035.49
152	657870.15	5733037.46
153	657870.49	5733039.43
154	657870.84	5733041.40
155	657871.18	5733043.37
156	657871.52	5733045.34
157	657871.87	5733047.31
158	657872.21	5733049.28
159	657872.56	5733051.25
160	657872.90	5733053.22
161	657873.24	5733055.19
162	657873.59	5733057.16
163	657873.93	5733059.13
164	657874.28	5733061.10
165	657874.62	5733063.07
166	657874.96	5733065.04
167	657875.31	5733067.01
168	657875.65	5733068.98
169	657875.99	5733070.95
170	657876.34	5733072.92
171	657876.68	5733074.89
172	657877.03	5733076.86
173	657877.37	5733078.83
174	657877.71	5733080.80
175	657878.06	5733082.77
176	657878.40	5733084.74
177	657878.75	5733086.72
178	657879.09	5733088.69
179	657879.43	5733090.66
180	657879.78	5733092.63
181	657880.12	5733094.60
182	657880.47	5733096.57
183	657880.81	5733098.54
184	657881.15	5733100.51
185	657881.50	5733102.48
186	657881.84	5733104.45
187	657882.19	5733106.42
188	657882.53	5733108.39
189	657882.87	5733110.36
190	657883.22	5733112.33
191	657883.56	5733114.30
192	657883.90	5733116.27
193	657884.25	5733118.24
194	657884.59	5733120.21
195	657884.94	5733122.18
196	657885.28	5733124.15
197	657885.62	5733126.12
198	657885.97	5733128.09
199	657886.31	5733130.06
200	657886.66	5733132.03
201	657887.00	5733134.00
202	657887.34	5733135.97
203	657887.69	5733137.94
204	657888.03	5733139.91
205	657888.38	5733141.88
206	657888.72	5733143.85
207	657889.06	5733145.82
208	657889.41	5733147.79
209	657889.75	5733149.76
210	657890.10	5733151.73
211	657890.44	5733153.70
212	657890.78	5733155.67
213	657891.13	5733157.64
214	657891.47	5733159.61
215	657891.81	5733161.58
216	657892.16	5733163.55
217	657892.50	5733165.52
218	657892.85	5733167.49
219	657893.19	5733169.46
220	657893.53	5733171.43
221	657893.88	5733173.40
222	657894.22	5733175.37
223	657894.57	5733177.34
224	657894.91	5733179.31
225	657895.25	5733181.28
226	657895.60	5733183.26
227	657895.94	5733185.23
228	657896.29	5733187.20
229	657896.63	5733189.17
230	657896.97	5733191.14
231	657897.32	5733193.11
232	657897.66	5733195.08
233	657898.01	5733197.05
234	657898.35	5733199.02
235	657898.69	5733200.99
236	657899.04	5733202.96
237	657899.38	5733204.93
238	657899.72	5733206.90
239	657900.07	5733208.87
240	657900.41	5733210.84
241	657900.76	5733212.81
242	657901.10	5733214.78
243	657901.44	5733216.75
244	657901.79	5733218.72
245	657902.13	5733220.69
246	657902.48	5733222.66
247	657902.82	5733224.63
248	657903.16	5733226.60
249	657903.51	5733228.57
250	657903.85	5733230.54
251	657904.20	5733232.51
252	657904.54	5733234.48
253	657904.88	5733236.45
254	657905.23	5733238.42
255	657905.57	5733240.39
256	657905.92	5733242.36
257	657906.26	5733244.33
258	657906.60	5733246.30
259	657906.95	5733248.27
260	657907.29	5733250.24
261	657907.64	5733252.21
262	657907.98	5733254.18
263	657908.32	5733256.15
264	657908.67	5733258.12
265	657909.01	5733260.09
266	657909.35	5733262.06
267	657909.70	5733264.03
268	657910.04	5733266.00
269	657910.39	5733267.97
270	657910.73	5733269.94
271	657911.07	5733271.91
272	657911.42	5733273.88
273	657911.76	5733275.85
274	657912.11	5733277.83
275	657912.45	5733279.80
276	657912.79	5733281.77
277	657913.14	5733283.74
278	657913.48	5733285.71
279	657913.83	5733287.68
280	657914.17	5733289.65
281	657914.51	5733291.62
282	657914.86	5733293.59
283	657915.20	5733295.56
284	657915.55	5733297.53
285	657915.89	5733299.50
286	657916.23	5733301.47
287	657916.58	5733303.44
288	657916.92	5733305.41
289	657917.26	5733307.38
290	657917.61	5733309.35
291	657917.95	5733311.32
292	657918.30	5733313.29
293	657918.64	5733315.26
294	657918.98	5733317.23
295	657919.33	5733319.20
296	657919.67	5733321.17
297	657920.02	5733323.14
298	657920.36	5733325.11
299	657920.70	5733327.08
300	657921.05	5733329.05
301	657921.39	5733331.02
302	657921.74	5733332.99
303	657922.08	5733334.96
304	657922.42	5733336.93
305	657922.77	5733338.90
306	657923.11	5733340.87
307	657923.46	5733342.84
308	657923.80	5733344.81
309	657924.14	5733346.78
310	657924.49	5733348.75
311	657924.83	5733350.72
312	657925.17	5733352.69
313	657925.52	5733354.66
314	657925.86	5733356.63
315	657926.21	5733358.60
316	657926.55	5733360.57
317	657926.89	5733362.54
318	657927.24	5733364.51
319	657927.58	5733366.48
320	657927.93	5733368.45
321	657928.27	5733370.42
322	657928.61	5733372.40
323	657928.96	5733374.37
324	657929.30	5733376.34
325	657929.65	5733378.31
326	657929.99	5733380.28
327	657930.33	5733382.25
328	657930.68	5733384.22
329	657931.02	5733386.19
330	657931.37	5733388.16
331	657931.71	5733390.13
332	657932.05	5733392.10
333	657932.40	5733394.07
334	657932.74	5733396.04
335	657933.08	5733398.01
336	657933.43	5733399.98
337	657933.77	5733401.95
338	657934.12	5733403.92
339	657934.46	5733405.89
340	657934.80	5733407.86
341	657935.15	5733409.83
342	657935.49	5733411.80
343	657935.84	5733413.77
344	657936.18	5733415.74
345	657936.52	5733417.71
346	657936.87	5733419.68
347	657937.21	5733421.65
348	657937.56	5733423.62
349	657937.90	5733425.59
350	657938.24	5733427.56
351	657938.59	5733429.53
352	657938.93	5733431.50
353	657939.28	5733433.47
354	657939.62	5733435.44
355	657939.96	5733437.41
356	657940.31	5733439.38
357	657940.65	5733441.35
358	657941.00	5733443.32
359	657941.34	5733445.29
360	657941.68	5733447.26
361	657942.03	5733449.23
362	657942.37	5733451.20
363	657942.71	5733453.17
364	657943.06	5733455.14
365	657943.40	5733457.11
366	657943.75	5733459.08
367	657944.09	5733461.05
368	657944.43	5733463.02
369	657944.78	5733464.99
370	657945.12	5733466.97
371	657945.47	5733468.94
372	657945.81	5733470.91
373	657946.15	5733472.88
374	657946.50	5733474.85
375	657946.84	5733476.82
376	657947.19	5733478.79
377	657947.53	5733480.76
378	657947.87	5733482.73
379	657948.22	5733484.70
380	657948.56	5733486.67
381	657948.91	5733488.64
382	657949.25	5733490.61
383	657949.59	5733492.58
384	657949.94	5733494.55
385	657950.28	5733496.52
386	657950.62	5733498.49
387	657950.97	5733500.46
388	657951.31	5733502.43
389	657951.66	5733504.40
390	657952.00	5733506.37
391	657952.34	5733508.34
392	657952.69	5733510.31
393	657953.03	5733512.28
394	657953.38	5733514.25
395	657953.72	5733516.22
396	657954.06	5733518.19
397	657954.41	5733520.16
398	657954.75	5733522.13
399	657955.10	5733524.10
400	657955.44	5733526.07
401	657955.78	5733528.04
402	657956.13	5733530.01
403	657956.47	5733531.98
404	657956.82	5733533.95
405	657957.16	5733535.92
406	657957.50	5733537.89
407	657957.85	5733539.86
408	657958.19	5733541.83
409	657958.53	5733543.80
410	657958.88	5733545.77
411	657959.22	5733547.74
412	657959.57	5733549.71
413	657959.91	5733551.68
414	657960.25	5733553.65
415	657960.60	5733555.62
416	657960.94	5733557.59
417	657961.29	5733559.56
418	657961.63	5733561.54
419	657961.97	5733563.51
420	657962.32	5733565.48
421	657962.66	5733567.45
422	657963.01	5733569.42
423	657963.35	5733571.39
424	657963.69	5733573.36
425	657964.04	5733575.33
426	657964.38	5733577.30
427	657964.73	5733579.27
428	657965.07	5733581.24
429	657965.41	5733583.21
430	657965.76	5733585.18
431	657966.10	5733587.15
432	657966.44	5733589.12
433	657966.79	5733591.09
434	657967.13	5733593.06
435	657967.48	5733595.03
436	657967.82	5733597.00
437	657968.16	5733598.97
438	657968.51	5733600.94
439	657968.85	5733602.91
440	657969.20	5733604.88
441	657969.54	5733606.85
442	657969.88	5733608.82
443	657970.23	5733610.79
444	657970.57	5733612.76
445	657970.92	5733614.73
446	657971.26	5733616.70
447	657971.60	5733618.67
448	657971.95	5733620.64
449	657972.29	5733622.61
450	657972.64	5733624.58
451	657972.98	5733626.55
452	657973.32	5733628.52
453	657973.67	5733630.49
454	657974.01	5733632.46
455	657974.36	5733634.43
456	657974.70	5733636.40
457	657975.04	5733638.37
458	657975.39	5733640.34
459	657975.73	5733642.31
460	657976.07	5733644.28
461	657976.42	5733646.25
462	657976.76	5733648.22
463	657977.11	5733650.19
464	657977.45	5733652.16
465	657977.79	5733654.13
466	657978.14	5733656.11
467	657978.48	5733658.08
468	657978.83	5733660.05
469	657979.17	5733662.02
470	657979.51	5733663.99
471	657979.86	5733665.96
472	657980.20	5733667.93
473	657980.55	5733669.90
474	657980.89	5733671.87
475	657981.23	5733673.84
476	657981.58	5733675.81
477	657981.92	5733677.78
478	657982.27	5733679.75
479	657982.61	5733681.72
480	657982.95	5733683.69
481	657983.30	5733685.66
482	657983.64	5733687.63
483	657983.98	5733689.60
484	657984.33	5733691.57
485	657984.67	5733693.54
486	657985.02	5733695.51
487	657985.36	5733697.48
488	657985.70	5733699.45
489	657986.05	5733701.42
490	657986.39	5733703.39
491	657986.74	5733705.36
492	657987.08	5733707.33
493	657987.42	5733709.30
494	657987.77	5733711.27
495	657988.11	5733713.24
496	657988.46	5733715.21
497	657988.80	5733717.18
498	657989.14	5733719.15
499	657989.49	5733721.12
500	657989.83	5733723.09
501	657990.18	5733725.06
502	657990.52	5733727.03
503	657990.86	5733729.00
504	657991.21	5733730.97
505	657991.55	5733732.94
506	657991.89	5733734.91
507	657992.24	5733736.88
508	657992.58	5733738.85
509	657992.93	5733740.82
510	657993.27	5733742.79
511	657993.61	5733744.76
512	657993.96	5733746.73
513	657994.30	5733748.70
514	657994.65	5733750.68
515	657994.99	5733752.65
516	657995.33	5733754.62
517	657995.68	5733756.59
518	657996.02	5733758.56
519	657996.37	5733760.53
520	657996.71	5733762.50
521	657997.05	5733764.47
522	657997.40	5733766.44
523	657997.74	5733768.41
524	657998.09	5733770.38
525	657998.43	5733772.35
526	657998.77	5733774.32
527	657999.12	5733776.29
528	657999.46	5733778.26
529	657999.80	5733780.23
530	658000.15	5733782.20
531	658000.49	5733784.17
532	658000.84	5733786.14
533	658001.18	5733788.11
534	658001.52	5733790.08
535	658001.87	5733792.05
536	658002.21	5733794.02
537	658002.56	5733795.99
538	658002.90	5733797.96
539	658003.24	5733799.93
540	658003.59	5733801.90
541	658003.93	5733803.87
542	658004.28	5733805.84
543	658004.62	5733807.81
544	658004.96	5733809.78
545	658005.31	5733811.75
546	658005.65	5733813.72
547	658006.00	5733815.69
548	658006.34	5733817.66
549	658006.68	5733819.63
550	658007.03	5733821.60
551	658007.37	5733823.57
552	658007.72	5733825.54
553	658008.06	5733827.51
554	658008.40	5733829.48
555	658008.75	5733831.45
556	658009.09	5733833.42
557	658009.43	5733835.39
558	658009.78	5733837.36
559	658010.12	5733839.33
560	658010.47	5733841.30
561	658010.81	5733843.27
562	658011.15	5733845.25
563	658011.50	5733847.22
564	658011.84	5733849.19
565	658012.19	5733851.16
566	658012.53	5733853.13
567	658012.87	5733855.10
568	658013.22	5733857.07
569	658013.56	5733859.04
570	658013.91	5733861.01
571	658014.25	5733862.98
572	658014.59	5733864.95
573	658014.94	5733866.92
574	658015.28	5733868.89
575	658015.63	5733870.86
576	658015.97	5733872.83
577	658016.31	5733874.80
578	658016.66	5733876.77
579	658017.00	5733878.74
580	658017.34	5733880.71
581	658017.69	5733882.68
582	658018.03	5733884.65
583	658018.38	5733886.62
584	658018.72	5733888.59
585	658019.06	5733890.56
586	658019.41	5733892.53
587	658019.75	5733894.50
588	658020.10	5733896.47
589	658020.44	5733898.44
590	658020.78	5733900.41
591	658021.13	5733902.38
592	658021.47	5733904.35
593	658021.82	5733906.32
594	658022.16	5733908.29
595	658022.50	5733910.26
596	658022.85	5733912.23
597	658023.19	5733914.20
598	658023.54	5733916.17
599	658023.88	5733918.14
600	658024.22	5733920.11
601	658024.57	5733922.08
602	658024.91	5733924.05
603	658025.25	5733926.02
604	658025.60	5733927.99
605	658025.94	5733929.96
606	658026.29	5733931.93
607	658026.63	5733933.90
608	658026.97	5733935.87
609	658027.32	5733937.84
610	658027.66	5733939.82
611	658028.01	5733941.79
612	658028.35	5733943.76
613	658028.69	5733945.73
614	658029.04	5733947.70
615	658029.38	5733949.67
616	658029.73	5733951.64
617	658030.07	5733953.61
618	658030.41	5733955.58
619	658030.76	5733957.55
620	658031.10	5733959.52
621	658031.45	5733961.49
622	658031.79	5733963.46
623	658032.13	5733965.43
624	658032.48	5733967.40
625	658032.82	5733969.37
626	658033.16	5733971.34
627	658033.51	5733973.31
628	658033.85	5733975.28
629	658034.20	5733977.25
630	658034.54	5733979.22
631	658034.88	5733981.19
632	658035.23	5733983.16
633	658035.57	5733985.13
634	658035.92	5733987.10
635	658036.26	5733989.07
636	658036.60	5733991.04
637	658036.95	5733993.01
638	658037.29	5733994.98
639	658037.64	5733996.95
640	658037.98	5733998.92
641	658038.32	5734000.89
642	658038.67	5734002.86
643	658039.01	5734004.83
644	658039.36	5734006.80
645	658039.70	5734008.77
646	658040.04	5734010.74
647	658040.39	5734012.71
648	658040.73	5734014.68
649	658041.08	5734016.65
650	658041.42	5734018.62
651	658041.76	5734020.59
652	658042.11	5734022.56
653	658042.45	5734024.53
654	658042.79	5734026.50
655	658043.14	5734028.47
656	658043.48	5734030.44
657	658043.83	5734032.41
658	658044.17	5734034.39
659	658044.51	5734036.36
660	658044.86	5734038.33
661	658045.20	5734040.30
662	658045.55	5734042.27
663	658045.89	5734044.24
664	658046.23	5734046.21
665	658046.58	5734048.18
666	658046.92	5734050.15
667	658047.27	5734052.12
668	658047.61	5734054.09
669	658047.95	5734056.06
670	658048.30	5734058.03
671	658048.64	5734060.00
672	658048.99	5734061.97
673	658049.33	5734063.94
674	658049.67	5734065.91
675	658050.02	5734067.88
676	658050.36	5734069.85
677	658050.70	5734071.82
678	658051.05	5734073.79
679	658051.39	5734075.76
680	658051.74	5734077.73
681	658052.08	5734079.70
682	658052.42	5734081.67
683	658052.77	5734083.64
684	658053.11	5734085.61
685	658053.46	5734087.58
686	658053.80	5734089.55
687	658054.14	5734091.52
688	658054.49	5734093.49
689	658054.83	5734095.46
690	658055.18	5734097.43
691	658055.52	5734099.40
692	658055.86	5734101.37
693	658056.21	5734103.34
694	658056.55	5734105.31
695	658056.90	5734107.28
696	658057.24	5734109.25
697	658057.58	5734111.22
698	658057.93	5734113.19
699	658058.27	5734115.16
700	658058.61	5734117.13
701	658058.96	5734119.10
702	658059.30	5734121.07
703	658059.65	5734123.04
704	658059.99	5734125.01
705	658060.33	5734126.98
706	658060.68	5734128.96
707	658061.02	5734130.93
708	658061.37	5734132.90
709	658061.71	5734134.87
710	658062.05	5734136.84
711	658062.40	5734138.81
712	658062.74	5734140.78
713	658063.09	5734142.75
714	658063.43	5734144.72
715	658063.77	5734146.69
716	658064.12	5734148.66
717	658064.46	5734150.63
718	658064.81	5734152.60
719	658065.15	5734154.57
720	658065.49	5734156.54
721	658065.84	5734158.51
722	658066.18	5734160.48
723	658066.52	5734162.45
724	658066.87	5734164.42
725	658067.21	5734166.39
726	658067.56	5734168.36
727	658067.90	5734170.33
728	658068.24	5734172.30
729	658068.59	5734174.27
730	658068.93	5734176.24
731	658069.28	5734178.21
732	658069.62	5734180.18
733	658069.96	5734182.15
734	658070.31	5734184.12
735	658070.65	5734186.09
736	658071.00	5734188.06
737	658071.34	5734190.03
738	658071.68	5734192.00
739	658072.03	5734193.97
740	658072.37	5734195.94
741	658072.72	5734197.91
742	658073.06	5734199.88
743	658073.40	5734201.85
744	658073.75	5734203.82
745	658074.09	5734205.79
746	658074.44	5734207.76
747	658074.78	5734209.73
748	658075.12	5734211.70
749	658075.47	5734213.67
750	658075.81	5734215.64
751	658076.15	5734217.61
752	658076.50	5734219.58
753	658076.84	5734221.55
754	658077.19	5734223.53
755	658077.53	5734225.50
756	658077.87	5734227.47
757	658078.22	5734229.44
758	658078.56	5734231.41
759	658078.91	5734233.38
760	658079.25	5734235.35
761	658079.59	5734237.32
762	658079.94	5734239.29
763	658080.28	5734241.26
764	658080.63	5734243.23
765	658080.97	5734245.20
766	658081.31	5734247.17
767	658081.66	5734249.14
768	658082.00	5734251.11
769	658082.35	5734253.08
770	658082.69	5734255.05
771	658083.03	5734257.02
772	658083.38	5734258.99
773	658083.72	5734260.96
774	658084.06	5734262.93
775	658084.41	5734264.90
776	658084.75	5734266.87
777	658085.10	5734268.84
778	658085.44	5734270.81
779	658085.78	5734272.78
780	658086.13	5734274.75
781	658086.47	5734276.72
782	658086.82	5734278.69
783	658087.16	5734280.66
784	658087.50	5734282.63
785	658087.85	5734284.60
786	658088.19	5734286.57
787	658088.54	5734288.54
788	658088.88	5734290.51
789	658089.22	5734292.48
790	658089.57	5734294.45
791	658089.91	5734296.42
792	658090.26	5734298.39
793	658090.60	5734300.36
794	658090.94	5734302.33
795	658091.29	5734304.30
796	658091.63	5734306.27
797	658091.97	5734308.24
798	658092.32	5734310.21
799	658092.66	5734312.18
800	658093.01	5734314.15
801	658093.35	5734316.12
802	658093.69	5734318.10
803	658094.04	5734320.07
804	658094.38	5734322.04
805	658094.73	5734324.01
806	658095.07	5734325.98
807	658095.41	5734327.95
808	658095.76	5734329.92
809	658096.10	5734331.89
810	658096.45	5734333.86
811	658096.79	5734335.83
812	658097.13	5734337.80
813	658097.48	5734339.77
814	658097.82	5734341.74
815	658098.17	5734343.71
816	658098.51	5734345.68
817	658098.85	5734347.65
818	658099.20	5734349.62
819	658099.54	5734351.59
820	658099.88	5734353.56
821	658100.23	5734355.53
822	658100.57	5734357.50
823	658100.92	5734359.47
824	658101.26	5734361.44
825	658101.60	5734363.41
826	658101.95	5734365.38
827	658102.29	5734367.35
828	658102.64	5734369.32
829	658102.98	5734371.29
830	658103.32	5734373.26
831	658103.67	5734375.23
832	658104.01	5734377.20
833	658104.36	5734379.17
834	658104.70	5734381.14
835	658105.04	5734383.11
836	658105.39	5734385.08
837	658105.73	5734387.05
838	658106.08	5734389.02
839	658106.42	5734390.99
840	658106.76	5734392.96
841	658107.11	5734394.93
842	658107.45	5734396.90
843	658107.80	5734398.87
844	658108.14	5734400.84
845	658108.48	5734402.81
846	658108.83	5734404.78
847	658109.17	5734406.75
848	658109.51	5734408.72
849	658109.86	5734410.69
850	658110.20	5734412.67
851	658110.55	5734414.64
852	658110.89	5734416.61
853	658111.23	5734418.58
854	658111.58	5734420.55
855	658111.92	5734422.52
856	658112.27	5734424.49
857	658112.61	5734426.46
858	658112.95	5734428.43
859	658113.30	5734430.40
860	658113.64	5734432.37
861	658113.99	5734434.34
862	658114.33	5734436.31
863	658114.67	5734438.28
864	658115.02	5734440.25
865	658115.36	5734442.22
866	658115.71	5734444.19
867	658116.05	5734446.16
868	658116.39	5734448.13
869	658116.74	5734450.10
870	658117.08	5734452.07
871	658117.42	5734454.04
872	658117.77	5734456.01
873	658118.11	5734457.98
874	658118.46	5734459.95
875	658118.80	5734461.92
876	658119.14	5734463.89
877	658119.49	5734465.86
878	658119.83	5734467.83
879	658120.18	5734469.80
880	658120.52	5734471.77
881	658120.86	5734473.74
882	658121.21	5734475.71
883	658121.55	5734477.68
884	658121.90	5734479.65
885	658122.24	5734481.62
886	658122.58	5734483.59
887	658122.93	5734485.56
888	658123.27	5734487.53
889	658123.62	5734489.50
890	658123.96	5734491.47
891	658124.30	5734493.44
892	658124.65	5734495.41
893	658124.99	5734497.38
894	658125.33	5734499.35
895	658125.68	5734501.32
896	658126.02	5734503.29
897	658126.37	5734505.26
898	658126.71	5734507.24
899	658127.05	5734509.21
900	658127.40	5734511.18
901	658127.74	5734513.15
902	658128.09	5734515.12
903	658128.43	5734517.09
904	658128.77	5734519.06
905	658129.12	5734521.03
906	658129.46	5734523.00
907	658129.81	5734524.97
908	658130.15	5734526.94
909	658130.49	5734528.91
910	658130.84	5734530.88
911	658131.18	5734532.85
912	658131.53	5734534.82
913	658131.87	5734536.79
914	658132.21	5734538.76
915	658132.56	5734540.73
916	658132.90	5734542.70
917	658133.24	5734544.67
918	658133.59	5734546.64
919	658133.93	5734548.61
920	658134.28	5734550.58
921	658134.62	5734552.55
922	658134.96	5734554.52
923	658135.31	5734556.49
924	658135.65	5734558.46
925	658136.00	5734560.43
926	658136.34	5734562.40
927	658136.68	5734564.37
928	658137.03	5734566.34
929	658137.37	5734568.31
930	658137.72	5734570.28
931	658138.06	5734572.25
932	658138.40	5734574.22
933	658138.75	5734576.19
934	658139.09	5734578.16
935	658139.44	5734580.13
936	658139.78	5734582.10
937	658140.12	5734584.07
938	658140.47	5734586.04
939	658140.81	5734588.01
940	658141.16	5734589.98
941	658141.50	5734591.95
942	658141.84	5734593.92
943	658142.19	5734595.89
944	658142.53	5734597.86
945	658142.87	5734599.83
946	658143.22	5734601.81
947	658143.56	5734603.78
948	658143.91	5734605.75
949	658144.25	5734607.72
950	658144.59	5734609.69
951	658144.94	5734611.66
952	658145.28	5734613.63
953	658145.63	5734615.60
954	658145.97	5734617.57
955	658146.31	5734619.54
956	658146.66	5734621.51
957	658147.00	5734623.48
958	658147.35	5734625.45
959	658147.69	5734627.42
960	658148.03	5734629.39
961	658148.38	5734631.36
962	658148.72	5734633.33
963	658149.07	5734635.30
964	658149.41	5734637.27
965	658149.75	5734639.24
966	658150.10	5734641.21
967	658150.44	5734643.18
968	658150.78	5734645.15
969	658151.13	5734647.12
970	658151.47	5734649.09
971	658151.82	5734651.06
972	658152.16	5734653.03
973	658152.50	5734655.00
974	658152.85	5734656.97
975	658153.19	5734658.94
976	658153.54	5734660.91
977	658153.88	5734662.88
978	658154.22	5734664.85
979	658154.57	5734666.82
980	658154.91	5734668.79
981	658155.26	5734670.76
982	658155.60	5734672.73
983	658155.94	5734674.70
984	658156.29	5734676.67
985	658156.63	5734678.64
986	658156.98	5734680.61
987	658157.32	5734682.58
988	658157.66	5734684.55
989	658158.01	5734686.52
990	658158.35	5734688.49
991	658158.69	5734690.46
992	658159.04	5734692.43
993	658159.38	5734694.40
994	658159.73	5734696.38
995	658160.07	5734698.35
996	658160.41	5734700.32
997	658160.76	5734702.29
998	658161.10	5734704.26
999	658161.45	5734706.23
1000	658161.79	5734708.20
1001	658162.13	5734710.17
1002	658162.48	5734712.14
1003	658162.82	5734714.11
1004	658163.17	5734716.08
1005	658163.51	5734718.05
1006	658163.85	5734720.02
1007	658164.20	5734721.99
1008	658164.54	5734723.96
1009	658164.89	5734725.93
1010	658165.23	5734727.90
1011	658165.57	5734729.87
1012	658165.92	5734731.84
1013	658166.26	5734733.81
1014	658166.60	5734735.78
1015	658166.95	5734737.75
1016	658167.29	5734739.72
1017	658167.64	5734741.69
1018	658167.98	5734743.66
1019	658168.32	5734745.63
1020	658168.67	5734747.60
1021	658169.01	5734749.57
1022	658169.36	5734751.54
1023	658169.70	5734753.51
1024	658170.04	5734755.48
1025	658170.39	5734757.45
1026	658170.73	5734759.42
1027	658171.08	5734761.39
1028	658171.42	5734763.36
1029	658171.76	5734765.33
1030	658172.11	5734767.30
1031	658172.45	5734769.27
1032	658172.80	5734771.24
1033	658173.14	5734773.21
1034	658173.48	5734775.18
1035	658173.83	5734777.15
1036	658174.17	5734779.12
1037	658174.52	5734781.09
1038	658174.86	5734783.06
1039	658175.20	5734785.03
1040	658175.55	5734787.00
1041	658175.89	5734788.97
1042	658176.23	5734790.95
1043	658176.58	5734792.92
1044	658176.92	5734794.89
1045	658177.27	5734796.86
1046	658177.61	5734798.83
1047	658177.95	5734800.80
1048	658178.30	5734802.77
1049	658178.64	5734804.74
1050	658178.99	5734806.71
1051	658179.33	5734808.68
1052	658179.67	5734810.65
1053	658180.02	5734812.62
1054	658180.36	5734814.59
1055	658180.71	5734816.56
1056	658181.05	5734818.53
1057	658181.39	5734820.50
1058	658181.74	5734822.47
1059	658182.08	5734824.44
1060	658182.43	5734826.41
1061	658182.77	5734828.38
1062	658183.11	5734830.35
1063	658183.46	5734832.32
1064	658183.80	5734834.29
1065	658184.14	5734836.26
1066	658184.49	5734838.23
1067	658184.83	5734840.20
1068	658185.18	5734842.17
1069	658185.52	5734844.14
1070	658185.86	5734846.11
1071	658186.21	5734848.08
1072	658186.55	5734850.05
1073	658186.90	5734852.02
1074	658187.24	5734853.99
1075	658187.58	5734855.96
1076	658187.93	5734857.93
1077	658188.27	5734859.90
1078	658188.62	5734861.87
1079	658188.96	5734863.84
1080	658189.30	5734865.81
1081	658189.65	5734867.78
1082	658189.99	5734869.75
1083	658190.34	5734871.72
1084	658190.68	5734873.69
1085	658191.02	5734875.66
1086	658191.37	5734877.63
1087	658191.71	5734879.60
1088	658192.05	5734881.57
1089	658192.40	5734883.54
1090	658192.74	5734885.52
1091	658193.09	5734887.49
1092	658193.43	5734889.46
1093	658193.77	5734891.43
1094	658194.12	5734893.40
1095	658194.46	5734895.37
1096	658194.81	5734897.34
1097	658195.15	5734899.31
1098	658195.49	5734901.28
1099	658195.84	5734903.25
1100	658196.18	5734905.22
1101	658196.53	5734907.19
1102	658196.87	5734909.16
1103	658197.21	5734911.13
1104	658197.56	5734913.10
1105	658197.90	5734915.07
1106	658198.25	5734917.04
1107	658198.59	5734919.01
1108	658198.93	5734920.98
1109	658199.28	5734922.95
1110	658199.62	5734924.92
1111	658199.96	5734926.89
1112	658200.31	5734928.86
1113	658200.65	5734930.83
1114	658201.00	5734932.80
1115	658201.34	5734934.77
1116	658201.68	5734936.74
1117	658202.03	5734938.71
1118	658202.37	5734940.68
1119	658202.72	5734942.65
1120	658203.06	5734944.62
1121	658203.40	5734946.59
1122	658203.75	5734948.56
1123	658204.09	5734950.53
1124	658204.44	5734952.50
1125	658204.78	5734954.47
1126	658205.12	5734956.44
1127	658205.47	5734958.41
1128	658205.81	5734960.38
1129	658206.16	5734962.35
1130	658206.50	5734964.32
1131	658206.84	5734966.29
1132	658207.19	5734968.26
1133	658207.53	5734970.23
1134	658207.88	5734972.20
1135	658208.22	5734974.17
1136	658208.56	5734976.14
1137	658208.91	5734978.11
1138	658209.25	5734980.09
1139	658209.59	5734982.06
1140	658209.94	5734984.03
1141	658210.28	5734986.00
1142	658210.63	5734987.97
1143	658210.97	5734989.94
1144	658211.31	5734991.91
1145	658211.66	5734993.88
1146	658212.00	5734995.85
1147	658212.35	5734997.82
1148	658212.69	5734999.79
1149	658213.03	5735001.76
1150	658213.38	5735003.73
1151	658213.72	5735005.70
1152	658214.07	5735007.67
1153	658214.41	5735009.64
1154	658214.75	5735011.61
1155	658215.10	5735013.58
1156	658215.44	5735015.55
1157	658215.79	5735017.52
1158	658216.13	5735019.49
1159	658216.47	5735021.46
1160	658216.82	5735023.43
1161	658217.16	5735025.40
1162	658217.50	5735027.37
1163	658217.85	5735029.34
1164	658218.19	5735031.31
1165	658218.54	5735033.28
1166	658218.88	5735035.25
1167	658219.22	5735037.22
1168	658219.57	5735039.19
1169	658219.91	5735041.16
1170	658220.26	5735043.13
1171	658220.60	5735045.10
1172	658220.94	5735047.07
1173	658221.29	5735049.04
1174	658221.63	5735051.01
1175	658221.98	5735052.98
1176	658222.32	5735054.95
1177	658222.66	5735056.92
1178	658223.01	5735058.89
1179	658223.35	5735060.86
1180	658223.70	5735062.83
1181	658224.04	5735064.80
1182	658224.38	5735066.77
1183	658224.73	5735068.74
1184	658225.07	5735070.71
1185	658225.41	5735072.68
1186	658225.76	5735074.66
1187	658226.10	5735076.63
1188	658226.45	5735078.60
1189	658226.79	5735080.57
1190	658227.13	5735082.54
1191	658227.48	5735084.51
1192	658227.82	5735086.48
1193	658228.17	5735088.45
1194	658228.51	5735090.42
1195	658228.85	5735092.39
1196	658229.20	5735094.36
1197	658229.54	5735096.33
1198	658229.89	5735098.30
1199	658230.23	5735100.27
1200	658230.57	5735102.24
1201	658230.92	5735104.21
1202	658231.26	5735106.18
1203	658231.61	5735108.15
1204	658231.95	5735110.12
1205	658232.29	5735112.09
1206	658232.64	5735114.06
1207	658232.98	5735116.03
1208	658233.32	5735118.00
1209	658233.67	5735119.97
1210	658234.01	5735121.94
1211	658234.36	5735123.91
1212	658234.70	5735125.88
1213	658235.04	5735127.85
1214	658235.39	5735129.82
1215	658235.73	5735131.79
1216	658236.08	5735133.76
1217	658236.42	5735135.73
1218	658236.76	5735137.70
1219	658237.11	5735139.67
1220	658237.45	5735141.64
