          94  0.528739989    
  0.479999989    
  0.494999975    
  0.509999990    
  0.524999976    
  0.539999962    
  0.555000007    
  0.569999993    
  0.584999979    
  0.599999964    
  0.615000010    
  0.629999995    
  0.644999981    
  0.659999967    
  0.675000012    
  0.689999998    
  0.704999983    
  0.719999969    
  0.734999955    
  0.750000000    
  0.764999986    
  0.779999971    
  0.794999957    
  0.810000002    
  0.824999988    
  0.839999974    
  0.854999959    
  0.870000005    
  0.884999990    
  0.899999976    
  0.914999962    
  0.930000007    
  0.944999993    
  0.959999979    
  0.974999964    
  0.989999950    
   1.00500000    
   1.01999998    
   1.03499997    
   1.04999995    
   1.06499994    
   1.07999992    
   1.09500003    
   1.11000001    
   1.12500000    
   1.13999999    
   1.15499997    
   1.16999996    
   1.18499994    
   1.19999993    
   1.21499991    
   1.23000002    
   1.24500000    
   1.25999999    
   1.27499998    
   1.28999996    
   1.30499995    
   1.31999993    
   1.33499992    
   1.35000002    
   1.36500001    
   1.38000000    
   1.39499998    
   1.40999997    
   1.42499995    
   1.43999994    
   1.45499992    
   1.46999991    
   1.48500001    
   1.50000000    
   1.51499999    
   1.52999997    
   1.54499996    
   1.55999994    
   1.57499993    
   1.58999991    
   1.60500002    
   1.62000000    
   1.63499999    
   1.64999998    
   1.66499996    
   1.67999995    
   1.69499993    
   1.70999992    
   1.72499990    
   1.74000001    
   1.75500000    
   1.76999998    
   1.78499997    
   1.79999995    
   1.81499994    
   1.82999992    
   1.84499991    
   1.86000001    
   1.87500000    
